30
2885599 2698583 -6256474
7911959 7114851 -9050544
3503986 -2352767 -1646609
9632709 -4765349 -1256982
2308273 458078 4906945
8748727 5768872 6258459
-9418308 5111604 -3766573
6509792 5609809 2821456
7593881 5577700 9111638
6549750 -6615904 -9279321
5598580 6269694 3419261
9342105 4181653 534112
-9708438 -2314361 8181344
-1355047 -2681651 -6584004
7387970 9626621 3874074
2294915 8375348 -357054
-1446625 8957040 -5245449
4786801 5466832 -9635640
-2391742 3060714 5942059
-3280103 -389536 9326154
-2559425 -4790955 5595849
-9140163 -5448849 -222498
1393949 -5157288 7463141
-424706 3487665 -5218510
2991289 875635 -5591888
-3134637 -6829449 -7216539
6508309 1723925 -8259499
-8737140 -3489273 7207333
-8372780 4118985 268048
7569279 -9161118 9878512