11
1694 1814 1281 1245 433 309 1276 1967 1373 205 1593 780 1587 1432 485 0
1345 1155 1818 727 643 212 51 343 901 0
480 90 353 392 31 161 191 0
2038 474 273 194 18 1053 1780 0
2074 1460 3333 6691 537 6239 1068 1383 6443 2437 4986 321 0
438 322 635 560 962 1397 1114 1910 1387 1587 0
6417 4745 5247 4018 2700 0
3017 2909 3007 2040 3443 3698 1165 565 2095 1325 2487 235 2200 3129 0
1911 403 2897 1356 5948 1052 1891 4075 7469 0
103 36 9 19 225 190 207 96 149 182 169 185 57 0
283 531 94 659 337 332 710 699 502 429 830 738 938 740 544 0